40, 39460012032, 51380224, 1024
41, 39460012032, 51380224, 256
42, 97844723712, 115605504, 256
43, 39460012032, 51380224, 1024
44, 78920024064, 102760448, 512
45, 213808840704, 115605504, 512
46, 39460012032, 51380224, 2048
47, 157840048128, 102760448, 2048
48, 39460012032, 51380224, 512
49, 108112379904, 115605504, 512
3, 90936705024, 115605504, 64
2, 9865003008, 12845056, 64
1, 184528060416, 118013952, 64
7, 90936705024, 115605504, 64
6, 39460012032, 51380224, 64
5, 39460012032, 51380224, 256
4, 39460012032, 51380224, 256
9, 39460012032, 51380224, 64
8, 39460012032, 51380224, 256
13, 186176765952, 115605504, 128
12, 78920024064, 102760448, 128
11, 39460012032, 51380224, 256
10, 90936705024, 115605504, 64
17, 93163880448, 115605504, 128
16, 39460012032, 51380224, 128
15, 157840048128, 102760448, 512
14, 39460012032, 51380224, 512
19, 39460012032, 51380224, 128
18, 39460012032, 51380224, 512
53, 39460012032, 51380224, 2048
52, 108112379904, 115605504, 512
51, 39460012032, 51380224, 512
50, 39460012032, 51380224, 2048
28, 157840048128, 102760448, 1024
29, 39460012032, 51380224, 256
22, 39460012032, 51380224, 128
23, 93163880448, 115605504, 128
20, 93163880448, 115605504, 128
21, 39460012032, 51380224, 512
26, 195085467648, 115605504, 256
27, 39460012032, 51380224, 1024
24, 39460012032, 51380224, 512
25, 78920024064, 102760448, 256
fc, 1572864000, 2048000, 0
39, 97844723712, 115605504, 256
38, 39460012032, 51380224, 256
31, 39460012032, 51380224, 1024
30, 97844723712, 115605504, 256
33, 97844723712, 115605504, 256
32, 39460012032, 51380224, 256
35, 39460012032, 51380224, 256
34, 39460012032, 51380224, 1024
37, 39460012032, 51380224, 1024
36, 97844723712, 115605504, 256
===================
53, 18477312000, 24059000, 982
52, 97123968000, 103855500, 500
51, 17813295360, 23194395, 471
10, 21313290240, 27095040, 32
36, 61308223488, 72436896, 232
40, 30751064064, 40040448, 798
41, 29521400832, 38439324, 231
28, 53819781120, 35038920, 606
29, 4667572224, 6077568, 51
44, 67436544000, 87808000, 512
45, 213808840704, 115605504, 512
46, 18959302656, 24686592, 984
47, 59264077824, 38583384, 903
22, 14392885248, 18740736, 83
23, 46252136448, 57393504, 98
20, 1501175808, 1862784, 22
21, 3311616000, 4312000, 250
26, 171461836800, 101606400, 256
27, 23390846976, 30456832, 607
24, 15990890496, 20821472, 271
25, 39965184000, 52038000, 225
3, 43914258432, 55827072, 43
2, 4431544320, 5770240, 46
1, 115330037760, 73758720, 40
7, 24643491840, 31328640, 37
6, 8814919680, 11477760, 30
5, 11753226240, 15303680, 122
4, 12427591680, 16181760, 120
9, 9465200640, 12324480, 30
8, 10693509120, 13923840, 120
42, 81736833024, 96573708, 237
13, 87270359040, 54190080, 120
12, 21117272064, 27496448, 64
11, 9479651328, 12343296, 123
43, 27897956352, 36325464, 782
17, 10053328896, 12475008, 52
16, 5240782848, 6823936, 34
15, 42069565440, 27389040, 255
14, 17846599680, 23237760, 247
19, 1986969600, 2587200, 12
18, 7608287232, 9906624, 243
39, 94022664192, 111089664, 256
38, 28994402304, 37753128, 246
31, 6111436800, 7957600, 580
30, 5329981440, 6297480, 70
33, 32009748480, 37820160, 160
32, 13312696320, 17334240, 134
35, 18277410816, 23798712, 177
34, 15414067200, 20070400, 640
37, 25807724544, 33603808, 739
50, 19363921920, 25213440, 1005
48, 18901499904, 24611328, 512
fc, 783360000, 1020000, 1000
49, 108112379904, 115605504, 512
===================
53, 13437107712, 17496234, 717
52, 94065490944, 100585044, 498
51, 12512941056, 16292892, 458
10, 19892404224, 25288704, 32
36, 35355543552, 41773284, 199
40, 27069751296, 35247072, 708
41, 21527460864, 28030548, 193
28, 36405798912, 23701692, 519
29, 1475776512, 1921584, 19
44, 60114862080, 78274560, 512
45, 213808840704, 115605504, 512
46, 13949730816, 18163712, 724
47, 40330967040, 26257140, 687
22, 10025164800, 13053600, 75
23, 39661747200, 49215600, 93
20, 557254656, 691488, 14
21, 1711202304, 2228128, 203
26, 166127468544, 98445312, 256
27, 19845611520, 25840640, 515
24, 12375207936, 16113552, 221
25, 30583676928, 39822496, 218
3, 25775760384, 32768064, 27
2, 4142530560, 5393920, 43
1, 115330037760, 73758720, 40
7, 13320806400, 16934400, 24
6, 5479219200, 7134400, 25
5, 8766750720, 11415040, 91
4, 5917556736, 7705152, 91
9, 6811090944, 8868608, 28
8, 5606866944, 7300608, 97
42, 59070228480, 69792660, 205
13, 65702762496, 40797792, 118
12, 12745506816, 16595712, 49
11, 7938244608, 10336256, 103
43, 21878492160, 28487620, 709
17, 4435292160, 5503680, 39
16, 2348236800, 3057600, 20
15, 25230901248, 16426368, 194
14, 13641449472, 17762304, 192
19, 893534208, 1163456, 7
18, 4602544128, 5992896, 196
39, 87979032576, 103948992, 254
38, 23258382336, 30284352, 232
31, 3538311168, 4607176, 511
30, 1304875008, 1541736, 46
33, 12877056000, 15214500, 115
32, 6378624000, 8305500, 75
35, 10568570880, 13761160, 119
34, 9676692480, 12599860, 559
37, 19111335936, 24884552, 638
50, 13988265984, 18213888, 726
48, 13848839424, 18032343, 509
fc, 563712000, 734000, 1000
49, 107478908928, 114928128, 512
===================
53, 12556293120, 16349340, 670
52, 94065490944, 100585044, 498
51, 11737345536, 15283002, 458
10, 19181961216, 24385536, 32
36, 25136013312, 29698704, 183
40, 25086394368, 32664576, 672
41, 19129098240, 24907680, 180
28, 31292663808, 20372828, 479
29, 1148829696, 1495872, 16
44, 57802752000, 75264000, 512
45, 213808840704, 115605504, 512
46, 13121224704, 17084928, 681
47, 36473160192, 23745547, 647
22, 8887173120, 11571840, 72
23, 38075277312, 47246976, 93
20, 250195968, 310464, 11
21, 1258414080, 1638560, 190
26, 163079258112, 96638976, 256
27, 18458345472, 24034304, 479
24, 11591258112, 15092784, 207
25, 27960877056, 36407392, 214
3, 22911787008, 29127168, 24
2, 4142530560, 5393920, 43
1, 115330037760, 73758720, 40
7, 5283919872, 6717312, 14
6, 3357376512, 4371584, 17
5, 7899709440, 10286080, 82
4, 4682022912, 6096384, 81
9, 5917556736, 7705152, 27
8, 2967207936, 3863552, 88
42, 51597803520, 60963840, 192
13, 64361889792, 39965184, 118
12, 11560550400, 15052800, 48
11, 7398752256, 9633792, 96
43, 19652935680, 25589760, 680
17, 3383331840, 4198320, 35
16, 1811755008, 2359056, 17
15, 21194342400, 13798400, 176
14, 12504662016, 16282112, 176
19, 452788224, 589568, 4
18, 3835453440, 4994080, 182
39, 79976595456, 94493952, 248
38, 20223737856, 26332992, 216
31, 2722750464, 3545248, 476
30, 907739136, 1072512, 38
33, 9746251776, 11515392, 102
32, 5077008384, 6610688, 64
35, 7658262528, 9971696, 92
34, 8122189824, 10575768, 529
37, 16583067648, 21592536, 602
50, 12947816448, 16859136, 672
48, 12352402944, 16083858, 482
fc, 523776000, 682000, 1000
49, 101777670144, 108831744, 512
===================
53, 12069033984, 15714888, 644
52, 94065490944, 100585044, 498
51, 11289223680, 14699510, 458
10, 19181961216, 24385536, 32
36, 19147622400, 22623300, 171
40, 24008463360, 31261020, 651
41, 17683427328, 23025296, 172
28, 28902881280, 18816980, 455
29, 753392640, 980980, 11
44, 56030134272, 72955904, 512
45, 213808840704, 115605504, 512
46, 12620267520, 16432640, 655
47, 34307513856, 22335621, 627
22, 8378990592, 10910144, 71
23, 37142728704, 46089792, 92
20, 170588160, 211680, 10
21, 1107886080, 1442560, 184
26, 163079258112, 96638976, 256
27, 17494966272, 22779904, 454
24, 11134255104, 14497728, 201
25, 27187765248, 35400736, 214
3, 19581585408, 24893568, 21
2, 3945037824, 5136768, 42
1, 112446786816, 71914752, 39
7, 4662282240, 5927040, 14
6, 2709504000, 3528000, 15
5, 7138639872, 9295104, 76
4, 3843883008, 5005056, 76
9, 5527388160, 7197120, 27
8, 2832334848, 3687936, 84
42, 46223032320, 54613440, 180
13, 63021017088, 39132576, 118
12, 10527326208, 13707456, 47
11, 7013400576, 9132032, 91
43, 17476300800, 22755600, 645
17, 2456469504, 3048192, 27
16, 1608843264, 2094848, 16
15, 18702802944, 12176304, 167
14, 11794169856, 15356992, 166
19, 321527808, 418656, 3
18, 2861236224, 3725568, 176
39, 76448655360, 90325620, 245
38, 18781830144, 24455508, 209
31, 2313314304, 3012128, 452
30, 558379008, 659736, 34
33, 8720566272, 10303524, 99
32, 4449457152, 5793564, 59
35, 6006067200, 7820400, 75
34, 7585256448, 9876636, 509
37, 14800665600, 19271700, 575
50, 12138577920, 15805440, 630
48, 10845542400, 14121800, 440
fc, 505344000, 658000, 1000
49, 92909076480, 99348480, 512
===================
53, 12031552512, 15666084, 642
52, 94065490944, 100585044, 498
51, 11289223680, 14699510, 458
10, 19181961216, 24385536, 32
36, 19147622400, 22623300, 171
40, 17849610240, 23241680, 484
41, 17554876416, 22857912, 171
28, 27822993408, 18113928, 438
29, 751736832, 978824, 11
44, 55953063936, 72855552, 512
45, 213808840704, 115605504, 512
46, 12543197184, 16332288, 651
47, 34151040000, 22233750, 625
22, 8293490688, 10798816, 71
23, 37142728704, 46089792, 92
20, 170588160, 211680, 10
21, 650280960, 846720, 108
26, 163079258112, 96638976, 256
27, 16801333248, 21876736, 436
24, 9195454464, 11973248, 166
25, 27187765248, 35400736, 214
3, 18649128960, 23708160, 20
2, 3945037824, 5136768, 42
1, 112446786816, 71914752, 39
7, 4662282240, 5927040, 14
6, 2709504000, 3528000, 15
5, 7044710400, 9172800, 75
4, 3564503040, 4641280, 74
9, 5527388160, 7197120, 27
8, 2191687680, 2853760, 65
42, 45443690496, 53692632, 178
13, 63021017088, 39132576, 118
12, 10527326208, 13707456, 47
11, 6165626880, 8028160, 80
43, 11521413120, 15001840, 430
17, 2456469504, 3048192, 27
16, 1608843264, 2094848, 16
15, 18366824448, 11957568, 164
14, 11367874560, 14801920, 160
19, 319721472, 416304, 3
18, 1820786688, 2370816, 112
39, 76082872320, 89893440, 245
38, 18629345280, 24256960, 208
31, 1172011008, 1526056, 229
30, 558379008, 659736, 34
33, 8632479744, 10199448, 98
32, 4440576000, 5782000, 59
35, 5994777600, 7805700, 75
34, 5723676672, 7452704, 388
37, 9317984256, 12132792, 362
50, 12100042752, 15755264, 628
48, 10697648640, 13929230, 434
fc, 503808000, 656000, 1000
49, 91642134528, 97993728, 512
===================
53, 11975330304, 15592878, 639
52, 94065490944, 100585044, 498
51, 11237517312, 14632184, 458
10, 19181961216, 24385536, 32
36, 19035648000, 22491000, 170
40, 17372737536, 22620752, 473
41, 17554876416, 22857912, 171
28, 27759470592, 18072572, 437
29, 751736832, 978824, 11
44, 55953063936, 72855552, 512
45, 213808840704, 115605504, 512
46, 12485394432, 16257024, 648
47, 33987115008, 22127028, 622
22, 8293490688, 10798816, 71
23, 37142728704, 46089792, 92
20, 170588160, 211680, 10
21, 614154240, 799680, 102
26, 163079258112, 96638976, 256
27, 16762798080, 21826560, 435
24, 9029271552, 11756864, 163
25, 27187765248, 35400736, 214
3, 18649128960, 23708160, 20
2, 3945037824, 5136768, 42
1, 112446786816, 71914752, 39
7, 4662282240, 5927040, 14
6, 2745630720, 3575040, 15
5, 7138639872, 9295104, 76
4, 3516334080, 4578560, 73
9, 5527388160, 7197120, 27
8, 2090532864, 2722048, 62
42, 45443690496, 53692632, 178
13, 63021017088, 39132576, 118
12, 10527326208, 13707456, 47
11, 6165626880, 8028160, 80
43, 11199885312, 14583184, 418
17, 2456469504, 3048192, 27
16, 1608843264, 2094848, 16
15, 18366824448, 11957568, 164
14, 11367874560, 14801920, 160
19, 317915136, 413952, 3
18, 1804529664, 2349648, 111
39, 75772329984, 89526528, 244
38, 18566725632, 24175424, 208
31, 1059416064, 1379448, 207
30, 558379008, 659736, 34
33, 8632479744, 10199448, 98
32, 4422813696, 5758872, 59
35, 5949619200, 7746900, 75
34, 5517152256, 7183792, 374
37, 8802877440, 11462080, 344
50, 12061507584, 15705088, 626
48, 10624115712, 13833484, 433
fc, 501504000, 653000, 1000
49, 91430977536, 97767936, 512
===================
53, 11956589568, 15568476, 638
52, 94065490944, 100585044, 498
51, 11237517312, 14632184, 458
10, 19181961216, 24385536, 32
36, 19035648000, 22491000, 170
40, 17336008704, 22572928, 472
41, 17554876416, 22857912, 171
28, 26997196800, 17576300, 425
29, 683397120, 889840, 10
44, 55953063936, 72855552, 512
45, 213808840704, 115605504, 512
46, 12485394432, 16257024, 648
47, 33987115008, 22127028, 622
22, 8293490688, 10798816, 71
23, 37142728704, 46089792, 92
20, 170588160, 211680, 10
21, 535879680, 697760, 89
26, 163079258112, 96638976, 256
27, 16762798080, 21826560, 435
24, 8752300032, 11396224, 158
25, 27187765248, 35400736, 214
3, 18649128960, 23708160, 20
2, 3945037824, 5136768, 42
1, 112446786816, 71914752, 39
7, 4662282240, 5927040, 14
6, 2673377280, 3480960, 15
5, 7138639872, 9295104, 76
4, 3419996160, 4453120, 71
9, 5462360064, 7112448, 27
8, 2023096320, 2634240, 60
42, 45443690496, 53692632, 178
13, 63021017088, 39132576, 118
12, 10527326208, 13707456, 47
11, 5780275200, 7526400, 75
43, 11173091328, 14548296, 417
17, 2456469504, 3048192, 27
16, 1608843264, 2094848, 16
15, 17358888960, 11301360, 155
14, 11296825344, 14709408, 159
19, 323334144, 421008, 3
18, 1625702400, 2116800, 100
39, 75772329984, 89526528, 244
38, 18566725632, 24175424, 208
31, 1044062208, 1359456, 204
30, 507617280, 599760, 34
33, 8632479744, 10199448, 98
32, 4422813696, 5758872, 59
35, 5949619200, 7746900, 75
34, 5487648768, 7145376, 372
37, 8802877440, 11462080, 344
50, 12061507584, 15705088, 626
48, 10624115712, 13833484, 433
fc, 501504000, 653000, 1000
49, 91430977536, 97767936, 512
===================
53, 11956589568, 15568476, 638
52, 94065490944, 100585044, 498
51, 11237517312, 14632184, 458
10, 19181961216, 24385536, 32
36, 19035648000, 22491000, 170
40, 16601432064, 21616448, 452
41, 17554876416, 22857912, 171
28, 23058782208, 15012228, 363
29, 683397120, 889840, 10
44, 55953063936, 72855552, 512
45, 213808840704, 115605504, 512
46, 12485394432, 16257024, 648
47, 33987115008, 22127028, 622
22, 8293490688, 10798816, 71
23, 37142728704, 46089792, 92
20, 170588160, 211680, 10
21, 180633600, 235200, 30
26, 163079258112, 96638976, 256
27, 16647192576, 21676032, 432
24, 6647316480, 8655360, 120
25, 27187765248, 35400736, 214
3, 18649128960, 23708160, 20
2, 3945037824, 5136768, 42
1, 112446786816, 71914752, 39
7, 4662282240, 5927040, 14
6, 2673377280, 3480960, 15
5, 7044710400, 9172800, 75
4, 2986475520, 3888640, 62
9, 5462360064, 7112448, 27
8, 1416167424, 1843968, 42
42, 45443690496, 53692632, 178
13, 63021017088, 39132576, 118
12, 10527326208, 13707456, 47
11, 4007657472, 5218304, 52
43, 10315683840, 13431880, 385
17, 2456469504, 3048192, 27
16, 1608843264, 2094848, 16
15, 14335082496, 9332736, 128
14, 11225776128, 14616896, 158
19, 323334144, 421008, 3
18, 861622272, 1121904, 53
39, 75772329984, 89526528, 244
38, 18566725632, 24175424, 208
31, 721631232, 939624, 141
30, 507617280, 599760, 34
33, 8632479744, 10199448, 98
32, 4422813696, 5758872, 59
35, 5949619200, 7746900, 75
34, 5089351680, 6626760, 345
37, 7856056320, 10229240, 307
50, 12061507584, 15705088, 626
48, 10624115712, 13833484, 433
fc, 501504000, 653000, 1000
49, 91430977536, 97767936, 512
===================
53, 11956589568, 15568476, 638
52, 94065490944, 100585044, 498
51, 11203046400, 14587300, 458
10, 19181961216, 24385536, 32
36, 19035648000, 22491000, 170
40, 16454516736, 21425152, 448
41, 17554876416, 22857912, 171
28, 22741168128, 14805448, 358
29, 681891840, 887880, 10
44, 55953063936, 72855552, 512
45, 213808840704, 115605504, 512
46, 12485394432, 16257024, 648
47, 33987115008, 22127028, 622
22, 8293490688, 10798816, 71
23, 37142728704, 46089792, 92
20, 170588160, 211680, 10
21, 180633600, 235200, 30
26, 163079258112, 96638976, 256
27, 16608657408, 21625856, 431
24, 6536527872, 8511104, 118
25, 27187765248, 35400736, 214
3, 18649128960, 23708160, 20
2, 3945037824, 5136768, 42
1, 112446786816, 71914752, 39
7, 4662282240, 5927040, 14
6, 2673377280, 3480960, 15
5, 7044710400, 9172800, 75
4, 2986475520, 3888640, 62
9, 5462360064, 7112448, 27
8, 1315012608, 1712256, 39
42, 45443690496, 53692632, 178
13, 63021017088, 39132576, 118
12, 10527326208, 13707456, 47
11, 4007657472, 5218304, 52
43, 10181713920, 13257440, 380
17, 2456469504, 3048192, 27
16, 1608843264, 2094848, 16
15, 13999104000, 9114000, 125
14, 11225776128, 14616896, 158
19, 316108800, 411600, 3
18, 845365248, 1100736, 52
39, 75772329984, 89526528, 244
38, 18566725632, 24175424, 208
31, 670451712, 872984, 131
30, 507617280, 599760, 34
33, 8632479744, 10199448, 98
32, 4405051392, 5735744, 59
35, 5949619200, 7746900, 75
34, 5030344704, 6549928, 341
37, 7728107520, 10062640, 302
50, 12061507584, 15705088, 626
48, 10591526400, 13791050, 433
fc, 501504000, 653000, 1000
49, 91430977536, 97767936, 512
===================
Total [50] epochs processed...
======== 0.3_gtx =======
epoch, train_cost, bn_cost, inf_cost, out_act, out_chs, model_size
1, 1.953483256e+16, 1.13910956315e+14, 4089184256, 11113984, 26560, 48.6955108643
10, 9.76266231128e+15, 6.30569181274e+13, 1931572519, 6152293, 16414, 30.3028507233
20, 7.96247506791e+15, 5.30336619809e+13, 1528300229, 5174351, 13967, 25.6833095551
30, 7.40157475263e+15, 4.95608282174e+13, 1399298163, 4835516, 13235, 24.2597866058
40, 7.05803404302e+15, 4.75780736695e+13, 1321593287, 4642064, 12749, 23.184720993
50, 6.89392193122e+15, 4.30320011854e+13, 1280390666, 4198516, 11536, 22.7957572937
60, 6.87801960726e+15, 4.26864755701e+13, 1276501378, 4164804, 11430, 22.7340698242
70, 6.86149183807e+15, 4.20431349988e+13, 1273359792, 4102035, 11361, 22.7212963104
80, 6.77871786231e+15, 3.85316304905e+13, 1256356400, 3759427, 10894, 22.6351566315
90, 6.77104636499e+15, 3.83186902857e+13, 1254785950, 3738651, 10851, 22.6213169098
======== Total Training cost =======
coeff, best_acc, train_cost, bn_cost
0.0, 100, 3516.26986081, 18.2111855699
0.3_gtx, 72.484, 859.027763387, 4.72290980405
======== Inference cost =======
coeff, best_acc, inf_cost
0.0, 100, 8178.368512
0.3_gtx, 72.484, 2509.5719
