40, 39460012032, 51380224, 1024
41, 39460012032, 51380224, 256
42, 97844723712, 115605504, 256
43, 39460012032, 51380224, 1024
44, 78920024064, 102760448, 512
45, 213808840704, 115605504, 512
46, 39460012032, 51380224, 2048
47, 157840048128, 102760448, 2048
48, 39460012032, 51380224, 512
49, 108112379904, 115605504, 512
3, 90936705024, 115605504, 64
2, 9865003008, 12845056, 64
1, 33692516352, 21676032, 64
7, 90936705024, 115605504, 64
6, 39460012032, 51380224, 64
5, 39460012032, 51380224, 256
4, 39460012032, 51380224, 256
9, 39460012032, 51380224, 64
8, 39460012032, 51380224, 256
13, 186176765952, 115605504, 128
12, 78920024064, 102760448, 128
11, 39460012032, 51380224, 256
10, 90936705024, 115605504, 64
17, 93163880448, 115605504, 128
16, 39460012032, 51380224, 128
15, 157840048128, 102760448, 512
14, 39460012032, 51380224, 512
19, 39460012032, 51380224, 128
18, 39460012032, 51380224, 512
53, 39460012032, 51380224, 2048
52, 108112379904, 115605504, 512
51, 39460012032, 51380224, 512
50, 39460012032, 51380224, 2048
28, 157840048128, 102760448, 1024
29, 39460012032, 51380224, 256
22, 39460012032, 51380224, 128
23, 93163880448, 115605504, 128
20, 93163880448, 115605504, 128
21, 39460012032, 51380224, 512
26, 195085467648, 115605504, 256
27, 39460012032, 51380224, 1024
24, 39460012032, 51380224, 512
25, 78920024064, 102760448, 256
fc, 1572864000, 2048000, 0
39, 97844723712, 115605504, 256
38, 39460012032, 51380224, 256
31, 39460012032, 51380224, 1024
30, 97844723712, 115605504, 256
33, 97844723712, 115605504, 256
32, 39460012032, 51380224, 256
35, 39460012032, 51380224, 256
34, 39460012032, 51380224, 1024
37, 39460012032, 51380224, 1024
36, 97844723712, 115605504, 256
===================
53, 39402209280, 51304960, 2045
52, 108112379904, 115605504, 512
51, 39421476864, 51330048, 512
10, 88094932992, 111992832, 64
36, 97844723712, 115605504, 256
40, 39460012032, 51380224, 1024
41, 39460012032, 51380224, 256
28, 155373797376, 101154816, 1008
29, 38342492160, 49925120, 256
44, 78920024064, 102760448, 512
45, 213808840704, 115605504, 512
46, 39382941696, 51279872, 2044
47, 157685907456, 102660096, 2046
22, 39305871360, 51179520, 128
23, 93163880448, 115605504, 128
20, 93163880448, 115605504, 128
21, 39305871360, 51179520, 510
26, 195085467648, 115605504, 256
27, 38843449344, 50577408, 1008
24, 39460012032, 51380224, 512
25, 78920024064, 102760448, 256
3, 86674046976, 110186496, 64
2, 8668004352, 11286464, 61
1, 169106015232, 108794112, 59
7, 80990502912, 102961152, 64
6, 31849316352, 41470464, 57
5, 33393131520, 43480640, 235
4, 35914776576, 46764032, 233
9, 37330944000, 48608000, 62
8, 38689308672, 50376704, 251
42, 97844723712, 115605504, 256
13, 186176765952, 115605504, 128
12, 78920024064, 102760448, 128
11, 39151730688, 50978816, 254
43, 39460012032, 51380224, 1024
17, 86727020544, 107618112, 124
16, 35400572928, 46094496, 123
15, 149824733184, 97542144, 486
14, 37379112960, 48670720, 485
19, 38612238336, 50276352, 128
18, 37480267776, 48802432, 502
39, 97844723712, 115605504, 256
38, 39460012032, 51380224, 256
31, 39151730688, 50978816, 1016
30, 97844723712, 115605504, 256
33, 97844723712, 115605504, 256
32, 38997590016, 50778112, 256
35, 39460012032, 51380224, 256
34, 39460012032, 51380224, 1024
37, 39460012032, 51380224, 1024
50, 39421476864, 51330048, 2046
48, 39402209280, 51304960, 512
fc, 1570560000, 2045000, 1000
49, 108112379904, 115605504, 512
===================
53, 36223057920, 47165440, 1880
52, 108112379904, 115605504, 512
51, 35856973824, 46688768, 512
10, 78148730880, 99348480, 64
36, 97844723712, 115605504, 256
40, 39421476864, 51330048, 1023
41, 39421476864, 51330048, 256
28, 140268011520, 91320320, 910
29, 34563637248, 45004736, 254
44, 78920024064, 102760448, 512
45, 213808840704, 115605504, 512
46, 35567960064, 46312448, 1846
47, 140961644544, 91771904, 1829
22, 38084788224, 49589568, 126
23, 91708194816, 113799168, 128
20, 93163880448, 115605504, 128
21, 38535168000, 50176000, 500
26, 195085467648, 115605504, 256
27, 35144073216, 45760512, 912
24, 39382941696, 51279872, 511
25, 78920024064, 102760448, 256
3, 79902637056, 101578176, 59
2, 7639597056, 9947392, 61
1, 149042589696, 95886336, 52
7, 80990502912, 102961152, 64
6, 27593588736, 35929152, 57
5, 25173098496, 32777472, 201
4, 28277587968, 36819776, 199
9, 31261655040, 40705280, 55
8, 36068917248, 46964736, 234
42, 97844723712, 115605504, 256
13, 181813248000, 112896000, 128
12, 74962944000, 97608000, 125
11, 37610323968, 48971776, 244
43, 39460012032, 51380224, 1024
17, 35766650880, 44382240, 85
16, 19114647552, 24888864, 74
15, 129535967232, 84333312, 432
14, 33063174144, 43051008, 429
19, 36068917248, 46964736, 128
18, 23747297280, 30920960, 464
39, 97844723712, 115605504, 256
38, 39421476864, 51330048, 256
31, 36460139520, 47474140, 965
30, 95184211968, 112462056, 251
33, 97462517760, 115153920, 256
32, 36887639040, 48030780, 255
35, 38920519680, 50677760, 256
34, 38997590016, 50778112, 1012
37, 39421476864, 51330048, 1023
50, 35953311744, 46814208, 1866
48, 35529424896, 46262272, 512
fc, 1456896000, 1897000, 1000
49, 108112379904, 115605504, 512
===================
53, 32311738368, 42072576, 1677
52, 108112379904, 115605504, 512
51, 31984189440, 41646080, 512
10, 76727844864, 97542144, 64
36, 97844723712, 115605504, 256
40, 39382941696, 51279872, 1022
41, 39382941696, 51279872, 256
28, 131275468800, 85465800, 855
29, 31693971456, 41268192, 248
44, 78920024064, 102760448, 512
45, 213808840704, 115605504, 512
46, 31849316352, 41470464, 1653
47, 125778788352, 81887232, 1632
22, 37629591552, 48996864, 126
23, 91708194816, 113799168, 128
20, 93163880448, 115605504, 128
21, 38303956992, 49874944, 497
26, 195085467648, 115605504, 256
27, 33063174144, 43051008, 858
24, 39228801024, 51079168, 509
25, 78611742720, 102359040, 256
3, 77194073088, 98134848, 57
2, 7639597056, 9947392, 61
1, 149042589696, 95886336, 52
7, 79725026304, 101352384, 63
6, 25534365696, 33247872, 57
5, 23294509056, 30331392, 186
4, 25534365696, 33247872, 186
9, 29392699392, 38271744, 54
8, 33836285952, 44057664, 223
42, 97844723712, 115605504, 256
13, 180358742016, 111992832, 128
12, 72870002688, 94882816, 124
11, 36839620608, 47968256, 239
43, 39460012032, 51380224, 1024
17, 18309795840, 22720320, 70
16, 11383529472, 14822304, 46
15, 121058230272, 78813952, 412
14, 31752978432, 41345024, 412
19, 34604580864, 45058048, 128
18, 18755788800, 24421600, 445
39, 97844723712, 115605504, 256
38, 38959054848, 50727936, 256
31, 34557917184, 44997288, 922
30, 92195241984, 108930528, 249
33, 94036101120, 111105540, 255
32, 34131621888, 44442216, 247
35, 38034210816, 49523712, 256
34, 38039178240, 49530180, 991
37, 38997590016, 50778112, 1012
50, 31907119104, 41545728, 1656
48, 31772246016, 41370112, 512
fc, 1296384000, 1688000, 1000
49, 108112379904, 115605504, 512
===================
53, 29729882112, 38710784, 1543
52, 108112379904, 115605504, 512
51, 29498671104, 38409728, 512
10, 76727844864, 97542144, 64
36, 97844723712, 115605504, 256
40, 39190265856, 51028992, 1017
41, 39190265856, 51028992, 256
28, 126727415808, 82504828, 827
29, 29431987200, 38322900, 237
44, 78920024064, 102760448, 512
45, 213808840704, 115605504, 512
46, 29440868352, 38334464, 1528
47, 116992770048, 76167168, 1518
22, 37174394880, 48404160, 126
23, 91708194816, 113799168, 128
20, 93163880448, 115605504, 128
21, 37764464640, 49172480, 490
26, 195085467648, 115605504, 256
27, 31868583936, 41495552, 827
24, 39228801024, 51079168, 509
25, 78457602048, 102158336, 256
3, 72109965312, 91671552, 56
2, 7263879168, 9458176, 58
1, 149042589696, 95886336, 52
7, 79725026304, 101352384, 63
6, 23886987264, 31102848, 57
5, 21916876800, 28537600, 175
4, 23602790400, 30732800, 175
9, 27441856512, 35731584, 54
8, 32015499264, 41686848, 211
42, 97844723712, 115605504, 256
13, 180358742016, 111992832, 128
12, 69286232064, 90216448, 124
11, 35606495232, 46362624, 231
43, 39460012032, 51380224, 1024
17, 13612935168, 16892064, 63
16, 9129222144, 11887008, 38
15, 111751987200, 72755200, 400
14, 30828134400, 40140800, 400
19, 33679736832, 43853824, 128
18, 16500879360, 21485520, 435
39, 97844723712, 115605504, 256
38, 38535168000, 50176000, 256
31, 33545917440, 43679580, 895
30, 88105936896, 104098932, 249
33, 86802554880, 102558960, 255
32, 30613782528, 39861696, 228
35, 36878155776, 48018432, 256
34, 36810869760, 47930820, 959
37, 38535168000, 50176000, 1000
50, 29267460096, 38108672, 1519
48, 29402333184, 38284288, 512
fc, 1191168000, 1551000, 1000
49, 108112379904, 115605504, 512
===================
53, 29421600768, 38309376, 1527
52, 108112379904, 115605504, 512
51, 29209657344, 38033408, 512
10, 76727844864, 97542144, 64
36, 97844723712, 115605504, 256
40, 39190265856, 51028992, 1017
41, 39190265856, 51028992, 256
28, 126574178304, 82405064, 826
29, 29467662336, 38369352, 237
44, 78920024064, 102760448, 512
45, 213808840704, 115605504, 512
46, 29151854592, 37958144, 1513
47, 115759644672, 75364352, 1502
22, 37098528768, 48305376, 126
23, 91708194816, 113799168, 128
20, 93163880448, 115605504, 128
21, 36685479936, 47767552, 476
26, 195085467648, 115605504, 256
27, 31868583936, 41495552, 827
24, 38997590016, 50778112, 506
25, 78457602048, 102158336, 256
3, 72109965312, 91671552, 56
2, 7263879168, 9458176, 58
1, 149042589696, 95886336, 52
7, 79725026304, 101352384, 63
6, 23886987264, 31102848, 57
5, 21791637504, 28374528, 174
4, 23063298048, 30030336, 171
9, 27051687936, 35223552, 54
8, 32015499264, 41686848, 211
42, 97844723712, 115605504, 256
13, 180358742016, 111992832, 128
12, 69286232064, 90216448, 124
11, 34527510528, 44957696, 224
43, 39267336192, 51129344, 1019
17, 13254700032, 16447536, 63
16, 8888979456, 11574192, 37
15, 111193227264, 72391424, 398
14, 30442782720, 39639040, 395
19, 33679736832, 43853824, 128
18, 13731766272, 17879904, 362
39, 97844723712, 115605504, 256
38, 38535168000, 50176000, 256
31, 33433473024, 43533168, 892
30, 88105936896, 104098932, 249
33, 86802554880, 102558960, 255
32, 30648102912, 39906384, 228
35, 36878155776, 48018432, 256
34, 36772485120, 47880840, 958
37, 38496632832, 50125824, 999
50, 28939911168, 37682176, 1502
48, 29094051840, 37882880, 512
fc, 1182720000, 1540000, 1000
49, 108112379904, 115605504, 512
===================
53, 29151854592, 37958144, 1513
52, 108112379904, 115605504, 512
51, 28978446336, 37732352, 512
10, 76727844864, 97542144, 64
36, 97844723712, 115605504, 256
40, 38997590016, 50778112, 1012
41, 39190265856, 51028992, 256
28, 126574178304, 82405064, 826
29, 29343326208, 38207456, 236
44, 78920024064, 102760448, 512
45, 213808840704, 115605504, 512
46, 28959178752, 37707264, 1503
47, 115066011648, 74912768, 1493
22, 37022662656, 48206592, 126
23, 91708194816, 113799168, 128
20, 93163880448, 115605504, 128
21, 36300128256, 47265792, 471
26, 195085467648, 115605504, 256
27, 31830048768, 41445376, 826
24, 38226886656, 49774592, 496
25, 78457602048, 102158336, 256
3, 72109965312, 91671552, 56
2, 7124189184, 9276288, 58
1, 146176386048, 94042368, 51
7, 79725026304, 101352384, 63
6, 23749705728, 30924096, 57
5, 21249736704, 27668928, 173
4, 22793551872, 29679104, 169
9, 27051687936, 35223552, 54
8, 32015499264, 41686848, 211
42, 97844723712, 115605504, 256
13, 180358742016, 111992832, 128
12, 69286232064, 90216448, 124
11, 34373369856, 44756992, 223
43, 38689308672, 50376704, 1004
17, 13044307968, 16186464, 62
16, 8888979456, 11574192, 37
15, 110913847296, 72209536, 397
14, 29980360704, 39036928, 389
19, 33679736832, 43853824, 128
18, 12393873408, 16137856, 332
39, 97844723712, 115605504, 256
38, 38535168000, 50176000, 256
31, 33246065664, 43289148, 887
30, 87734181888, 103659696, 249
33, 86802554880, 102558960, 255
32, 30648102912, 39906384, 228
35, 36916690944, 48068608, 256
34, 36695715840, 47780880, 956
37, 38458097664, 50075648, 998
50, 28805038080, 37506560, 1495
48, 28939911168, 37682176, 512
fc, 1166592000, 1519000, 1000
49, 108112379904, 115605504, 512
===================
53, 29132587008, 37933056, 1512
52, 108112379904, 115605504, 512
51, 28862840832, 37581824, 512
10, 76727844864, 97542144, 64
36, 97844723712, 115605504, 256
40, 38959054848, 50727936, 1011
41, 39190265856, 51028992, 256
28, 126574178304, 82405064, 826
29, 29343326208, 38207456, 236
44, 78920024064, 102760448, 512
45, 213808840704, 115605504, 512
46, 28862840832, 37581824, 1498
47, 114911870976, 74812416, 1491
22, 37098528768, 48305376, 126
23, 91708194816, 113799168, 128
20, 93163880448, 115605504, 128
21, 36300128256, 47265792, 471
26, 195085467648, 115605504, 256
27, 31830048768, 41445376, 826
24, 38226886656, 49774592, 496
25, 78457602048, 102158336, 256
3, 72109965312, 91671552, 56
2, 7124189184, 9276288, 58
1, 146176386048, 94042368, 51
7, 79725026304, 101352384, 63
6, 23612424192, 30745344, 57
5, 21249736704, 27668928, 173
4, 22793551872, 29679104, 169
9, 26921631744, 35054208, 54
8, 32015499264, 41686848, 211
42, 97844723712, 115605504, 256
13, 180358742016, 111992832, 128
12, 69286232064, 90216448, 124
11, 34373369856, 44756992, 223
43, 38689308672, 50376704, 1004
17, 13044307968, 16186464, 62
16, 8866701312, 11545184, 37
15, 110913847296, 72209536, 397
14, 29980360704, 39036928, 389
19, 33679736832, 43853824, 128
18, 12319211520, 16040640, 330
39, 97844723712, 115605504, 256
38, 38535168000, 50176000, 256
31, 33246065664, 43289148, 887
30, 87734181888, 103659696, 249
33, 86802554880, 102558960, 255
32, 30613782528, 39861696, 228
35, 36916690944, 48068608, 256
34, 36695715840, 47780880, 956
37, 38458097664, 50075648, 998
50, 28727967744, 37406208, 1491
48, 28785770496, 37481472, 512
fc, 1166592000, 1519000, 1000
49, 108112379904, 115605504, 512
===================
53, 29113319424, 37907968, 1511
52, 108112379904, 115605504, 512
51, 28843573248, 37556736, 512
10, 76727844864, 97542144, 64
36, 97844723712, 115605504, 256
40, 38959054848, 50727936, 1011
41, 39190265856, 51028992, 256
28, 126574178304, 82405064, 826
29, 29343326208, 38207456, 236
44, 78920024064, 102760448, 512
45, 213808840704, 115605504, 512
46, 28824305664, 37531648, 1496
47, 114911870976, 74812416, 1491
22, 37098528768, 48305376, 126
23, 91708194816, 113799168, 128
20, 93163880448, 115605504, 128
21, 36223057920, 47165440, 470
26, 195085467648, 115605504, 256
27, 31830048768, 41445376, 826
24, 38226886656, 49774592, 496
25, 78457602048, 102158336, 256
3, 72109965312, 91671552, 56
2, 7124189184, 9276288, 58
1, 146176386048, 94042368, 51
7, 79725026304, 101352384, 63
6, 23612424192, 30745344, 57
5, 21249736704, 27668928, 173
4, 22793551872, 29679104, 169
9, 26921631744, 35054208, 54
8, 32015499264, 41686848, 211
42, 97844723712, 115605504, 256
13, 180358742016, 111992832, 128
12, 69286232064, 90216448, 124
11, 34065088512, 44355584, 221
43, 38689308672, 50376704, 1004
17, 13044307968, 16186464, 62
16, 8866701312, 11545184, 37
15, 110913847296, 72209536, 397
14, 29980360704, 39036928, 389
19, 33679736832, 43853824, 128
18, 11199283200, 14582400, 300
39, 97844723712, 115605504, 256
38, 38535168000, 50176000, 256
31, 33246065664, 43289148, 887
30, 87734181888, 103659696, 249
33, 86802554880, 102558960, 255
32, 30613782528, 39861696, 228
35, 36916690944, 48068608, 256
34, 36695715840, 47780880, 956
37, 38458097664, 50075648, 998
50, 28689432576, 37356032, 1489
48, 28785770496, 37481472, 512
fc, 1166592000, 1519000, 1000
49, 108112379904, 115605504, 512
===================
53, 29113319424, 37907968, 1511
52, 108112379904, 115605504, 512
51, 28824305664, 37531648, 512
10, 76727844864, 97542144, 64
36, 97844723712, 115605504, 256
40, 38959054848, 50727936, 1011
41, 39190265856, 51028992, 256
28, 126574178304, 82405064, 826
29, 29343326208, 38207456, 236
44, 78920024064, 102760448, 512
45, 213808840704, 115605504, 512
46, 28824305664, 37531648, 1496
47, 114911870976, 74812416, 1491
22, 37098528768, 48305376, 126
23, 91708194816, 113799168, 128
20, 93163880448, 115605504, 128
21, 36223057920, 47165440, 470
26, 195085467648, 115605504, 256
27, 31830048768, 41445376, 826
24, 38226886656, 49774592, 496
25, 78457602048, 102158336, 256
3, 72109965312, 91671552, 56
2, 7124189184, 9276288, 58
1, 146176386048, 94042368, 51
7, 79725026304, 101352384, 63
6, 23612424192, 30745344, 57
5, 21249736704, 27668928, 173
4, 22793551872, 29679104, 169
9, 26921631744, 35054208, 54
8, 32015499264, 41686848, 211
42, 97844723712, 115605504, 256
13, 180358742016, 111992832, 128
12, 69286232064, 90216448, 124
11, 33910947840, 44154880, 220
43, 38689308672, 50376704, 1004
17, 13044307968, 16186464, 62
16, 8866701312, 11545184, 37
15, 110913847296, 72209536, 397
14, 29980360704, 39036928, 389
19, 33679736832, 43853824, 128
18, 10937966592, 14242144, 293
39, 97844723712, 115605504, 256
38, 38535168000, 50176000, 256
31, 33246065664, 43289148, 887
30, 87734181888, 103659696, 249
33, 86802554880, 102558960, 255
32, 30579462144, 39817008, 228
35, 36916690944, 48068608, 256
34, 36695715840, 47780880, 956
37, 38458097664, 50075648, 998
50, 28689432576, 37356032, 1489
48, 28727967744, 37406208, 512
fc, 1166592000, 1519000, 1000
49, 108112379904, 115605504, 512
===================
Total [90] epochs processed...
======== 0.1_gtx =======
1, 1.87799672417e+16, 1.13910956315e+14, 11113984, 26560
10, 1.91183227649e+16, 1.10562672482e+14, 10787301, 26367
20, 1.78449240543e+16, 1.03208199939e+14, 10069745, 24974
30, 1.72165987192e+16, 9.99884837776e+13, 9755606, 23816
40, 1.67691624239e+16, 9.7472374283e+13, 9510116, 23039
50, 1.67138087837e+16, 9.6244954801e+13, 9390360, 22854
60, 1.66592947025e+16, 9.54815842557e+13, 9315880, 22726
70, 1.66544010955e+16, 9.54574778174e+13, 9313528, 22711
80, 1.6646289279e+16, 9.51415830326e+13, 9282707, 22673
53, 31810781184, 41420288, 1651
52, 108112379904, 115605504, 512
51, 31444697088, 40943616, 512
10, 74596515840, 94832640, 60
36, 95169282048, 112444416, 256
40, 38192716800, 49730100, 995
41, 38883640320, 50629740, 255
28, 128198676480, 83462680, 878
29, 26737536000, 34814500, 203
44, 78534672384, 102258688, 512
45, 213808840704, 115605504, 512
46, 31020810240, 40391680, 1610
47, 120904390656, 78713796, 1578
22, 34897809408, 45439856, 121
23, 87380941824, 108429552, 127
20, 81029376000, 100548000, 125
21, 34696704000, 45178000, 461
26, 194323415040, 115153920, 256
27, 33949483008, 44205056, 881
24, 35251851264, 45900848, 461
25, 74466201600, 96961200, 255
3, 75928596480, 96526080, 57
2, 6502809600, 8467200, 60
1, 128979164160, 82978560, 45
7, 78548355072, 99856512, 61
6, 25982337024, 33831168, 58
5, 20267089920, 26389440, 187
4, 25122521088, 32711616, 183
9, 29402333184, 38284288, 56
8, 30558388224, 39789568, 208
42, 97462517760, 115153920, 256
13, 169029504000, 104958000, 125
12, 65059405824, 84712768, 119
11, 30635458560, 39889920, 212
43, 38226886656, 49774592, 992
17, 47605469184, 59072832, 92
16, 24272941056, 31605392, 91
15, 121918046208, 79373728, 446
14, 33266688000, 43316000, 442
19, 32055238656, 41738592, 114
18, 24151916544, 31447808, 436
39, 96701091840, 114254280, 255
38, 38081175552, 49584864, 254
31, 30466867200, 39670400, 920
30, 66677022720, 78780240, 220
33, 45148078080, 53343360, 180
32, 23695515648, 30853536, 168
35, 35832287232, 46656624, 249
34, 24358440960, 31716720, 899
37, 38188351488, 49724416, 991
50, 31406161920, 40893440, 1630
48, 30751064064, 40040448, 512
fc, 1291008000, 1681000, 1000
49, 108112379904, 115605504, 512
===================
53, 22562340864, 29378048, 1171
52, 108112379904, 115605504, 512
51, 22196256768, 28901376, 512
10, 71932354560, 91445760, 60
36, 87220592640, 103052880, 254
40, 35307546624, 45973368, 942
41, 36503040000, 47530000, 250
28, 98818621440, 64335040, 746
29, 13179629568, 17160976, 118
44, 75683069952, 98545664, 512
45, 213808840704, 115605504, 512
46, 22061383680, 28725760, 1145
47, 81004535808, 52737328, 1096
22, 28554559488, 37180416, 114
23, 82325846016, 102156768, 127
20, 67427813376, 83670048, 121
21, 29069365248, 37850736, 399
26, 193561362432, 114702336, 256
27, 28708700160, 37381120, 745
24, 32116654080, 41818560, 420
25, 67292037120, 87619840, 254
3, 53949265920, 68584320, 45
2, 5722472448, 7451136, 54
1, 126112960512, 81134592, 44
7, 75839791104, 96413184, 61
6, 19017105408, 24761856, 56
5, 14942011392, 19455744, 141
4, 15389982720, 20039040, 142
9, 20808990720, 27095040, 54
8, 22771875840, 29650880, 155
42, 95178240000, 112455000, 255
13, 142041600000, 88200000, 125
12, 42629529600, 55507200, 100
11, 24566169600, 31987200, 170
43, 36196715520, 47131140, 943
17, 19242344448, 23877504, 72
16, 9763246080, 12712560, 47
15, 73535938560, 47874960, 345
14, 25514496000, 33222000, 339
19, 22835699712, 29733984, 98
18, 15693447168, 20434176, 362
39, 91079976960, 107612820, 249
38, 34224046080, 44562560, 245
31, 20989323264, 27329848, 806
30, 30477938688, 36010296, 173
33, 18971449344, 22415148, 131
32, 11914592256, 15513792, 97
35, 29358981120, 38227840, 230
34, 15755615232, 20515124, 799
37, 34831276032, 45353224, 911
50, 22061383680, 28725760, 1145
48, 22003580928, 28650496, 512
fc, 907008000, 1181000, 1000
49, 108112379904, 115605504, 512
===================
53, 19518062592, 25414144, 1013
52, 108112379904, 115605504, 512
51, 19479527424, 25363968, 512
10, 69268193280, 88058880, 60
36, 77056303104, 91043568, 253
40, 33242001408, 43283856, 924
41, 35524608000, 46256000, 250
28, 88206397440, 57426040, 706
29, 10824468480, 14094360, 102
44, 74681155584, 97241088, 512
45, 213808840704, 115605504, 512
46, 19383189504, 25238528, 1006
47, 71399268864, 46483899, 979
22, 25463918592, 33156144, 111
23, 80159376384, 99468432, 127
20, 63299579904, 78547392, 121
21, 27466543104, 35763728, 377
26, 193561362432, 114702336, 256
27, 27244363776, 35474432, 707
24, 30969630720, 40325040, 405
25, 63468625920, 82641440, 254
3, 41738526720, 53061120, 40
2, 4980670464, 6485248, 47
1, 126112960512, 81134592, 44
7, 67070260224, 85264704, 57
6, 15955968000, 20776000, 53
5, 13246464000, 17248000, 125
4, 12042240000, 15680000, 125
9, 18034458624, 23482368, 52
8, 19631259648, 25561536, 143
42, 94804992000, 112014000, 254
13, 140621184000, 87318000, 125
12, 39103561728, 50916096, 99
11, 22832087040, 29729280, 158
43, 35710660608, 46498256, 934
17, 10752740352, 13342896, 61
16, 5786296320, 7534240, 31
15, 61420240896, 39987136, 311
14, 23407104000, 30478000, 311
19, 19388006400, 25244800, 92
18, 12414345216, 16164512, 338
39, 82783420416, 97810272, 239
38, 31150866432, 40561024, 232
31, 16728477696, 21781872, 756
30, 22385922048, 26449416, 147
33, 14498445312, 17130204, 117
32, 9607750656, 12510092, 83
35, 24689000448, 32147136, 204
34, 13402561536, 17451252, 761
37, 33551637504, 43687028, 881
50, 18843697152, 24536064, 978
48, 19307925504, 25140528, 509
fc, 787200000, 1025000, 1000
49, 107478908928, 114928128, 512
===================
53, 18130796544, 23607808, 941
52, 108112379904, 115605504, 512
51, 18092261376, 23557632, 512
10, 67936112640, 86365440, 60
36, 70257217536, 83010312, 253
40, 32119664640, 41822480, 908
41, 35007694848, 45582936, 249
28, 83070984192, 54082672, 683
29, 8430471168, 10977176, 82
44, 74372874240, 96839680, 512
45, 213808840704, 115605504, 512
46, 18072993792, 23532544, 938
47, 66892008960, 43549485, 921
22, 24461402112, 31850784, 111
23, 80159376384, 99468432, 127
20, 60729384960, 75358080, 120
21, 26083491840, 33962880, 361
26, 193561362432, 114702336, 256
27, 26280984576, 34220032, 682
24, 30204948480, 39329360, 395
25, 61786324992, 80450944, 254
3, 35166928896, 44706816, 36
2, 4662755328, 6071296, 44
1, 126112960512, 81134592, 44
7, 59677212672, 75866112, 56
6, 13641449472, 17762304, 48
5, 12504662016, 16282112, 118
4, 10231087104, 13321728, 118
9, 16950657024, 22071168, 51
8, 18207866880, 23708160, 135
42, 94425772032, 111565944, 254
13, 134939520000, 83790000, 125
12, 36150804480, 47071360, 95
11, 21820538880, 28412160, 151
43, 35443021824, 46149768, 927
17, 7062349824, 8763552, 54
16, 4043784192, 5265344, 23
15, 55748345856, 36294496, 293
14, 21977088000, 28616000, 292
19, 17576853504, 22886528, 89
18, 10274439168, 13378176, 316
39, 77187686400, 91198800, 235
38, 29075988480, 37859360, 220
31, 15095549952, 19655664, 732
30, 16772272128, 19816776, 137
33, 12424679424, 14680008, 114
32, 8208442368, 10688076, 73
35, 22090586112, 28763784, 186
34, 12887304192, 16780344, 751
37, 32828049408, 42744856, 862
50, 17302290432, 22529024, 898
48, 17790603264, 23164848, 504
fc, 728832000, 949000, 1000
49, 106423123968, 113799168, 512
===================
53, 17957388288, 23382016, 932
52, 108112379904, 115605504, 512
51, 17995923456, 23432192, 512
10, 67936112640, 86365440, 60
36, 69879490560, 82564020, 253
40, 28723752960, 37400720, 812
41, 35007694848, 45582936, 249
28, 82258735104, 53553864, 678
29, 8315467776, 10827432, 81
44, 74372874240, 96839680, 512
45, 213808840704, 115605504, 512
46, 17899585536, 23306752, 929
47, 66674119680, 43407630, 918
22, 24394567680, 31763760, 111
23, 80159376384, 99468432, 127
20, 60047032320, 74511360, 120
21, 23771381760, 30952320, 329
26, 193561362432, 114702336, 256
27, 25972703232, 33818624, 674
24, 28216774656, 36740592, 369
25, 61633388544, 80251808, 254
3, 34190069760, 43464960, 35
2, 4662755328, 6071296, 44
1, 126112960512, 81134592, 44
7, 58611548160, 74511360, 55
6, 13641449472, 17762304, 48
5, 12504662016, 16282112, 118
4, 9609707520, 12512640, 114
9, 16704995328, 21751296, 51
8, 17220403200, 22422400, 130
42, 94425772032, 111565944, 254
13, 134939520000, 83790000, 125
12, 36150804480, 47071360, 95
11, 20086456320, 26154240, 139
43, 27757965312, 36143184, 726
17, 6800781312, 8438976, 52
16, 4043784192, 5265344, 23
15, 54416474112, 35427392, 286
14, 21299712000, 27734000, 283
19, 17273389056, 22491392, 88
18, 8171864064, 10640448, 261
39, 77187686400, 91198800, 235
38, 29009756160, 37773120, 220
31, 13507630080, 17588060, 655
30, 16567732224, 19575108, 137
33, 11914076160, 14076720, 114
32, 7860572160, 10235120, 70
35, 21943971840, 28572880, 185
34, 7361722368, 9585576, 429
37, 27001261056, 35157892, 709
50, 17128882176, 22303232, 889
48, 17679588864, 23020298, 503
fc, 721152000, 939000, 1000
49, 106211966976, 113573376, 512
===================
53, 17803247616, 23181312, 924
52, 108112379904, 115605504, 512
51, 17861050368, 23256576, 512
10, 67936112640, 86365440, 60
36, 69501763584, 82117728, 253
40, 27733278720, 36111040, 784
41, 34970213376, 45534132, 249
28, 82054619136, 53420976, 678
29, 8224849920, 10709440, 80
44, 74372874240, 96839680, 512
45, 213808840704, 115605504, 512
46, 17803247616, 23181312, 924
47, 66093081600, 43029350, 910
22, 24394567680, 31763760, 111
23, 80159376384, 99468432, 127
20, 60047032320, 74511360, 120
21, 22976593920, 29917440, 318
26, 193561362432, 114702336, 256
27, 25857097728, 33668096, 671
24, 27681497088, 36043616, 362
25, 61480452096, 80052672, 254
3, 33213210624, 42223104, 34
2, 4662755328, 6071296, 44
1, 126112960512, 81134592, 44
7, 58611548160, 74511360, 55
6, 13525843968, 17611776, 48
5, 12398690304, 16144128, 117
4, 9253257216, 12048512, 113
9, 16582164480, 21591360, 51
8, 16955473920, 22077440, 128
42, 94425772032, 111565944, 254
13, 133519104000, 82908000, 125
12, 35543875584, 46281088, 94
11, 19797442560, 25777920, 137
43, 26763878400, 34848800, 700
17, 6800781312, 8438976, 52
16, 4029935616, 5247312, 23
15, 53693939712, 34956992, 284
14, 21073920000, 27440000, 280
19, 17167417344, 22353408, 88
18, 7733526528, 10069696, 247
39, 77187686400, 91198800, 235
38, 28976640000, 37730000, 220
31, 13012694016, 16943612, 631
30, 16363192320, 19333440, 137
33, 11914076160, 14076720, 114
32, 7860572160, 10235120, 70
35, 21825355776, 28418432, 184
34, 6812596224, 8870568, 397
37, 24411577344, 31785908, 641
50, 17051811840, 22202880, 885
48, 17528157696, 22823122, 503
fc, 714240000, 930000, 1000
49, 106211966976, 113573376, 512
===================
53, 17764712448, 23131136, 922
52, 108112379904, 115605504, 512
51, 17803247616, 23181312, 512
10, 67936112640, 86365440, 60
36, 69501763584, 82117728, 253
40, 27733278720, 36111040, 784
41, 34970213376, 45534132, 249
28, 82054619136, 53420976, 678
29, 8212807680, 10693760, 80
44, 74372874240, 96839680, 512
45, 213808840704, 115605504, 512
46, 17783980032, 23156224, 923
47, 66093081600, 43029350, 910
22, 24327733248, 31676736, 111
23, 80159376384, 99468432, 127
20, 60047032320, 74511360, 120
21, 22976593920, 29917440, 318
26, 193561362432, 114702336, 256
27, 25857097728, 33668096, 671
24, 27605028864, 35944048, 361
25, 61480452096, 80052672, 254
3, 33213210624, 42223104, 34
2, 4662755328, 6071296, 44
1, 126112960512, 81134592, 44
7, 58611548160, 74511360, 55
6, 13525843968, 17611776, 48
5, 12398690304, 16144128, 117
4, 9253257216, 12048512, 113
9, 16582164480, 21591360, 51
8, 16823009280, 21904960, 127
42, 94425772032, 111565944, 254
13, 133519104000, 82908000, 125
12, 35543875584, 46281088, 94
11, 19797442560, 25777920, 137
43, 26725644288, 34799016, 699
17, 6800781312, 8438976, 52
16, 4016087040, 5229280, 23
15, 53693939712, 34956992, 284
14, 21073920000, 27440000, 280
19, 17114431488, 22284416, 88
18, 7733526528, 10069696, 247
39, 77187686400, 91198800, 235
38, 28910407680, 37643760, 220
31, 12950827008, 16863056, 628
30, 16363192320, 19333440, 137
33, 11914076160, 14076720, 114
32, 7839498240, 10207680, 70
35, 21797658624, 28382368, 184
34, 6743955456, 8781192, 393
37, 24221159424, 31537968, 636
50, 17051811840, 22202880, 885
48, 17490299904, 22773828, 503
fc, 713472000, 929000, 1000
49, 106211966976, 113573376, 512
===================
53, 17764712448, 23131136, 922
52, 108112379904, 115605504, 512
51, 17822515200, 23206400, 512
10, 67936112640, 86365440, 60
36, 69501763584, 82117728, 253
40, 27662530560, 36018920, 782
41, 35007694848, 45582936, 249
28, 81086423040, 52790640, 670
29, 8212807680, 10693760, 80
44, 74372874240, 96839680, 512
45, 213808840704, 115605504, 512
46, 17764712448, 23131136, 922
47, 66093081600, 43029350, 910
22, 24327733248, 31676736, 111
23, 80159376384, 99468432, 127
20, 60047032320, 74511360, 120
21, 22832087040, 29729280, 316
26, 193561362432, 114702336, 256
27, 25857097728, 33668096, 671
24, 27452092416, 35744912, 359
25, 61480452096, 80052672, 254
3, 33213210624, 42223104, 34
2, 4662755328, 6071296, 44
1, 126112960512, 81134592, 44
7, 58611548160, 74511360, 55
6, 13525843968, 17611776, 48
5, 12080775168, 15730176, 114
4, 8925708288, 11622016, 109
9, 16582164480, 21591360, 51
8, 15763292160, 20525120, 119
42, 94425772032, 111565944, 254
13, 133519104000, 82908000, 125
12, 35543875584, 46281088, 94
11, 19074908160, 24837120, 132
43, 26649176064, 34699448, 697
17, 6800781312, 8438976, 52
16, 4016087040, 5229280, 23
15, 51047055360, 33233760, 270
14, 20923392000, 27244000, 278
19, 17114431488, 22284416, 88
18, 7263879168, 9458176, 232
39, 77187686400, 91198800, 235
38, 28943523840, 37686880, 220
31, 12847715328, 16728796, 623
30, 16363192320, 19333440, 137
33, 11914076160, 14076720, 114
32, 7860572160, 10235120, 70
35, 21825355776, 28418432, 184
34, 6503712768, 8468376, 379
37, 23992657920, 31240440, 630
50, 17032544256, 22177792, 884
48, 17509228800, 22798475, 503
fc, 713472000, 929000, 1000
49, 106211966976, 113573376, 512
===================
53, 17764712448, 23131136, 922
52, 108112379904, 115605504, 512
51, 17764712448, 23131136, 512
10, 67936112640, 86365440, 60
36, 69501763584, 82117728, 253
40, 27627156480, 35972860, 781
41, 34932731904, 45485328, 249
28, 81086423040, 52790640, 670
29, 8188723200, 10662400, 80
44, 74372874240, 96839680, 512
45, 213808840704, 115605504, 512
46, 17764712448, 23131136, 922
47, 66093081600, 43029350, 910
22, 24327733248, 31676736, 111
23, 80159376384, 99468432, 127
20, 60047032320, 74511360, 120
21, 22687580160, 29541120, 314
26, 193561362432, 114702336, 256
27, 25857097728, 33668096, 671
24, 27452092416, 35744912, 359
25, 61480452096, 80052672, 254
3, 33213210624, 42223104, 34
2, 4662755328, 6071296, 44
1, 126112960512, 81134592, 44
7, 58611548160, 74511360, 55
6, 13525843968, 17611776, 48
5, 12080775168, 15730176, 114
4, 8843821056, 11515392, 108
9, 16582164480, 21591360, 51
8, 15365898240, 20007680, 116
42, 94425772032, 111565944, 254
13, 133519104000, 82908000, 125
12, 35543875584, 46281088, 94
11, 19074908160, 24837120, 132
43, 26572707840, 34599880, 695
17, 6800781312, 8438976, 52
16, 4016087040, 5229280, 23
15, 50857992192, 33110672, 269
14, 20923392000, 27244000, 278
19, 17114431488, 22284416, 88
18, 7138639872, 9295104, 228
39, 77187686400, 91198800, 235
38, 28877291520, 37600640, 220
31, 12806470656, 16675092, 621
30, 16363192320, 19333440, 137
33, 11914076160, 14076720, 114
32, 7786813440, 10139080, 70
35, 21742264320, 28310240, 184
34, 6452232192, 8401344, 376
37, 23802240000, 30992500, 625
50, 17013276672, 22152704, 883
48, 17395655424, 22650593, 503
fc, 713472000, 929000, 1000
49, 106211966976, 113573376, 512
===================
Total [90] epochs processed...
======== 0.2_gtx =======
1, 1.87799672417e+16, 1.13910956315e+14, 11113984, 26560
10, 1.63603816478e+16, 9.66612930786e+13, 9430981, 23251
20, 1.36118306803e+16, 8.26795588809e+13, 8066821, 19684
30, 1.26735824051e+16, 7.7878359925e+13, 7598381, 18518
40, 1.21260709064e+16, 7.498408068e+13, 7315994, 17882
50, 1.1907946936e+16, 7.14268743825e+13, 6968927, 16829
60, 1.18316253067e+16, 7.0492247682e+13, 6877738, 16576
70, 1.18267056331e+16, 7.04244483243e+13, 6871123, 16558
80, 1.17888688833e+16, 6.9425035571e+13, 6773613, 16464
53, 18477312000, 24059000, 982
52, 97123968000, 103855500, 500
51, 17813295360, 23194395, 471
10, 21313290240, 27095040, 32
36, 61308223488, 72436896, 232
40, 30751064064, 40040448, 798
41, 29521400832, 38439324, 231
28, 53819781120, 35038920, 606
29, 4667572224, 6077568, 51
44, 67436544000, 87808000, 512
45, 213808840704, 115605504, 512
46, 18959302656, 24686592, 984
47, 59264077824, 38583384, 903
22, 14392885248, 18740736, 83
23, 46252136448, 57393504, 98
20, 1501175808, 1862784, 22
21, 3311616000, 4312000, 250
26, 171461836800, 101606400, 256
27, 23390846976, 30456832, 607
24, 15990890496, 20821472, 271
25, 39965184000, 52038000, 225
3, 43914258432, 55827072, 43
2, 4431544320, 5770240, 46
1, 114648145920, 73758720, 40
7, 24643491840, 31328640, 37
6, 8814919680, 11477760, 30
5, 11753226240, 15303680, 122
4, 12427591680, 16181760, 120
9, 9465200640, 12324480, 30
8, 10693509120, 13923840, 120
42, 81736833024, 96573708, 237
13, 87270359040, 54190080, 120
12, 21117272064, 27496448, 64
11, 9479651328, 12343296, 123
43, 27897956352, 36325464, 782
17, 10053328896, 12475008, 52
16, 5240782848, 6823936, 34
15, 42069565440, 27389040, 255
14, 17846599680, 23237760, 247
19, 1986969600, 2587200, 12
18, 7608287232, 9906624, 243
39, 94022664192, 111089664, 256
38, 28994402304, 37753128, 246
31, 6111436800, 7957600, 580
30, 5329981440, 6297480, 70
33, 32009748480, 37820160, 160
32, 13312696320, 17334240, 134
35, 18277410816, 23798712, 177
34, 15414067200, 20070400, 640
37, 25807724544, 33603808, 739
50, 19363921920, 25213440, 1005
48, 18901499904, 24611328, 512
fc, 783360000, 1020000, 1000
49, 108112379904, 115605504, 512
===================
53, 13437107712, 17496234, 717
52, 94065490944, 100585044, 498
51, 12512941056, 16292892, 458
10, 19892404224, 25288704, 32
36, 35355543552, 41773284, 199
40, 27069751296, 35247072, 708
41, 21527460864, 28030548, 193
28, 36405798912, 23701692, 519
29, 1475776512, 1921584, 19
44, 60114862080, 78274560, 512
45, 213808840704, 115605504, 512
46, 13949730816, 18163712, 724
47, 40330967040, 26257140, 687
22, 10025164800, 13053600, 75
23, 39661747200, 49215600, 93
20, 557254656, 691488, 14
21, 1711202304, 2228128, 203
26, 166127468544, 98445312, 256
27, 19845611520, 25840640, 515
24, 12375207936, 16113552, 221
25, 30583676928, 39822496, 218
3, 25775760384, 32768064, 27
2, 4142530560, 5393920, 43
1, 114648145920, 73758720, 40
7, 13320806400, 16934400, 24
6, 5479219200, 7134400, 25
5, 8766750720, 11415040, 91
4, 5917556736, 7705152, 91
9, 6811090944, 8868608, 28
8, 5606866944, 7300608, 97
42, 59070228480, 69792660, 205
13, 65702762496, 40797792, 118
12, 12745506816, 16595712, 49
11, 7938244608, 10336256, 103
43, 21878492160, 28487620, 709
17, 4435292160, 5503680, 39
16, 2348236800, 3057600, 20
15, 25230901248, 16426368, 194
14, 13641449472, 17762304, 192
19, 893534208, 1163456, 7
18, 4602544128, 5992896, 196
39, 87979032576, 103948992, 254
38, 23258382336, 30284352, 232
31, 3538311168, 4607176, 511
30, 1304875008, 1541736, 46
33, 12877056000, 15214500, 115
32, 6378624000, 8305500, 75
35, 10568570880, 13761160, 119
34, 9676692480, 12599860, 559
37, 19111335936, 24884552, 638
50, 13988265984, 18213888, 726
48, 13848839424, 18032343, 509
fc, 563712000, 734000, 1000
49, 107478908928, 114928128, 512
===================
53, 12556293120, 16349340, 670
52, 94065490944, 100585044, 498
51, 11737345536, 15283002, 458
10, 19181961216, 24385536, 32
36, 25136013312, 29698704, 183
40, 25086394368, 32664576, 672
41, 19129098240, 24907680, 180
28, 31292663808, 20372828, 479
29, 1148829696, 1495872, 16
44, 57802752000, 75264000, 512
45, 213808840704, 115605504, 512
46, 13121224704, 17084928, 681
47, 36473160192, 23745547, 647
22, 8887173120, 11571840, 72
23, 38075277312, 47246976, 93
20, 250195968, 310464, 11
21, 1258414080, 1638560, 190
26, 163079258112, 96638976, 256
27, 18458345472, 24034304, 479
24, 11591258112, 15092784, 207
25, 27960877056, 36407392, 214
3, 22911787008, 29127168, 24
2, 4142530560, 5393920, 43
1, 114648145920, 73758720, 40
7, 5283919872, 6717312, 14
6, 3357376512, 4371584, 17
5, 7899709440, 10286080, 82
4, 4682022912, 6096384, 81
9, 5917556736, 7705152, 27
8, 2967207936, 3863552, 88
42, 51597803520, 60963840, 192
13, 64361889792, 39965184, 118
12, 11560550400, 15052800, 48
11, 7398752256, 9633792, 96
43, 19652935680, 25589760, 680
17, 3383331840, 4198320, 35
16, 1811755008, 2359056, 17
15, 21194342400, 13798400, 176
14, 12504662016, 16282112, 176
19, 452788224, 589568, 4
18, 3835453440, 4994080, 182
39, 79976595456, 94493952, 248
38, 20223737856, 26332992, 216
31, 2722750464, 3545248, 476
30, 907739136, 1072512, 38
33, 9746251776, 11515392, 102
32, 5077008384, 6610688, 64
35, 7658262528, 9971696, 92
34, 8122189824, 10575768, 529
37, 16583067648, 21592536, 602
50, 12947816448, 16859136, 672
48, 12352402944, 16083858, 482
fc, 523776000, 682000, 1000
49, 101777670144, 108831744, 512
===================
53, 12069033984, 15714888, 644
52, 94065490944, 100585044, 498
51, 11289223680, 14699510, 458
10, 19181961216, 24385536, 32
36, 19147622400, 22623300, 171
40, 24008463360, 31261020, 651
41, 17683427328, 23025296, 172
28, 28902881280, 18816980, 455
29, 753392640, 980980, 11
44, 56030134272, 72955904, 512
45, 213808840704, 115605504, 512
46, 12620267520, 16432640, 655
47, 34307513856, 22335621, 627
22, 8378990592, 10910144, 71
23, 37142728704, 46089792, 92
20, 170588160, 211680, 10
21, 1107886080, 1442560, 184
26, 163079258112, 96638976, 256
27, 17494966272, 22779904, 454
24, 11134255104, 14497728, 201
25, 27187765248, 35400736, 214
3, 19581585408, 24893568, 21
2, 3945037824, 5136768, 42
1, 111781942272, 71914752, 39
7, 4662282240, 5927040, 14
6, 2709504000, 3528000, 15
5, 7138639872, 9295104, 76
4, 3843883008, 5005056, 76
9, 5527388160, 7197120, 27
8, 2832334848, 3687936, 84
42, 46223032320, 54613440, 180
13, 63021017088, 39132576, 118
12, 10527326208, 13707456, 47
11, 7013400576, 9132032, 91
43, 17476300800, 22755600, 645
17, 2456469504, 3048192, 27
16, 1608843264, 2094848, 16
15, 18702802944, 12176304, 167
14, 11794169856, 15356992, 166
19, 321527808, 418656, 3
18, 2861236224, 3725568, 176
39, 76448655360, 90325620, 245
38, 18781830144, 24455508, 209
31, 2313314304, 3012128, 452
30, 558379008, 659736, 34
33, 8720566272, 10303524, 99
32, 4449457152, 5793564, 59
35, 6006067200, 7820400, 75
34, 7585256448, 9876636, 509
37, 14800665600, 19271700, 575
50, 12138577920, 15805440, 630
48, 10845542400, 14121800, 440
fc, 505344000, 658000, 1000
49, 92909076480, 99348480, 512
===================
53, 12031552512, 15666084, 642
52, 94065490944, 100585044, 498
51, 11289223680, 14699510, 458
10, 19181961216, 24385536, 32
36, 19147622400, 22623300, 171
40, 17849610240, 23241680, 484
41, 17554876416, 22857912, 171
28, 27822993408, 18113928, 438
29, 751736832, 978824, 11
44, 55953063936, 72855552, 512
45, 213808840704, 115605504, 512
46, 12543197184, 16332288, 651
47, 34151040000, 22233750, 625
22, 8293490688, 10798816, 71
23, 37142728704, 46089792, 92
20, 170588160, 211680, 10
21, 650280960, 846720, 108
26, 163079258112, 96638976, 256
27, 16801333248, 21876736, 436
24, 9195454464, 11973248, 166
25, 27187765248, 35400736, 214
3, 18649128960, 23708160, 20
2, 3945037824, 5136768, 42
1, 111781942272, 71914752, 39
7, 4662282240, 5927040, 14
6, 2709504000, 3528000, 15
5, 7044710400, 9172800, 75
4, 3564503040, 4641280, 74
9, 5527388160, 7197120, 27
8, 2191687680, 2853760, 65
42, 45443690496, 53692632, 178
13, 63021017088, 39132576, 118
12, 10527326208, 13707456, 47
11, 6165626880, 8028160, 80
43, 11521413120, 15001840, 430
17, 2456469504, 3048192, 27
16, 1608843264, 2094848, 16
15, 18366824448, 11957568, 164
14, 11367874560, 14801920, 160
19, 319721472, 416304, 3
18, 1820786688, 2370816, 112
39, 76082872320, 89893440, 245
38, 18629345280, 24256960, 208
31, 1172011008, 1526056, 229
30, 558379008, 659736, 34
33, 8632479744, 10199448, 98
32, 4440576000, 5782000, 59
35, 5994777600, 7805700, 75
34, 5723676672, 7452704, 388
37, 9317984256, 12132792, 362
50, 12100042752, 15755264, 628
48, 10697648640, 13929230, 434
fc, 503808000, 656000, 1000
49, 91642134528, 97993728, 512
===================
53, 11975330304, 15592878, 639
52, 94065490944, 100585044, 498
51, 11237517312, 14632184, 458
10, 19181961216, 24385536, 32
36, 19035648000, 22491000, 170
40, 17372737536, 22620752, 473
41, 17554876416, 22857912, 171
28, 27759470592, 18072572, 437
29, 751736832, 978824, 11
44, 55953063936, 72855552, 512
45, 213808840704, 115605504, 512
46, 12485394432, 16257024, 648
47, 33987115008, 22127028, 622
22, 8293490688, 10798816, 71
23, 37142728704, 46089792, 92
20, 170588160, 211680, 10
21, 614154240, 799680, 102
26, 163079258112, 96638976, 256
27, 16762798080, 21826560, 435
24, 9029271552, 11756864, 163
25, 27187765248, 35400736, 214
3, 18649128960, 23708160, 20
2, 3945037824, 5136768, 42
1, 111781942272, 71914752, 39
7, 4662282240, 5927040, 14
6, 2745630720, 3575040, 15
5, 7138639872, 9295104, 76
4, 3516334080, 4578560, 73
9, 5527388160, 7197120, 27
8, 2090532864, 2722048, 62
42, 45443690496, 53692632, 178
13, 63021017088, 39132576, 118
12, 10527326208, 13707456, 47
11, 6165626880, 8028160, 80
43, 11199885312, 14583184, 418
17, 2456469504, 3048192, 27
16, 1608843264, 2094848, 16
15, 18366824448, 11957568, 164
14, 11367874560, 14801920, 160
19, 317915136, 413952, 3
18, 1804529664, 2349648, 111
39, 75772329984, 89526528, 244
38, 18566725632, 24175424, 208
31, 1059416064, 1379448, 207
30, 558379008, 659736, 34
33, 8632479744, 10199448, 98
32, 4422813696, 5758872, 59
35, 5949619200, 7746900, 75
34, 5517152256, 7183792, 374
37, 8802877440, 11462080, 344
50, 12061507584, 15705088, 626
48, 10624115712, 13833484, 433
fc, 501504000, 653000, 1000
49, 91430977536, 97767936, 512
===================
53, 11956589568, 15568476, 638
52, 94065490944, 100585044, 498
51, 11237517312, 14632184, 458
10, 19181961216, 24385536, 32
36, 19035648000, 22491000, 170
40, 17336008704, 22572928, 472
41, 17554876416, 22857912, 171
28, 26997196800, 17576300, 425
29, 683397120, 889840, 10
44, 55953063936, 72855552, 512
45, 213808840704, 115605504, 512
46, 12485394432, 16257024, 648
47, 33987115008, 22127028, 622
22, 8293490688, 10798816, 71
23, 37142728704, 46089792, 92
20, 170588160, 211680, 10
21, 535879680, 697760, 89
26, 163079258112, 96638976, 256
27, 16762798080, 21826560, 435
24, 8752300032, 11396224, 158
25, 27187765248, 35400736, 214
3, 18649128960, 23708160, 20
2, 3945037824, 5136768, 42
1, 111781942272, 71914752, 39
7, 4662282240, 5927040, 14
6, 2673377280, 3480960, 15
5, 7138639872, 9295104, 76
4, 3419996160, 4453120, 71
9, 5462360064, 7112448, 27
8, 2023096320, 2634240, 60
42, 45443690496, 53692632, 178
13, 63021017088, 39132576, 118
12, 10527326208, 13707456, 47
11, 5780275200, 7526400, 75
43, 11173091328, 14548296, 417
17, 2456469504, 3048192, 27
16, 1608843264, 2094848, 16
15, 17358888960, 11301360, 155
14, 11296825344, 14709408, 159
19, 323334144, 421008, 3
18, 1625702400, 2116800, 100
39, 75772329984, 89526528, 244
38, 18566725632, 24175424, 208
31, 1044062208, 1359456, 204
30, 507617280, 599760, 34
33, 8632479744, 10199448, 98
32, 4422813696, 5758872, 59
35, 5949619200, 7746900, 75
34, 5487648768, 7145376, 372
37, 8802877440, 11462080, 344
50, 12061507584, 15705088, 626
48, 10624115712, 13833484, 433
fc, 501504000, 653000, 1000
49, 91430977536, 97767936, 512
===================
53, 11956589568, 15568476, 638
52, 94065490944, 100585044, 498
51, 11237517312, 14632184, 458
10, 19181961216, 24385536, 32
36, 19035648000, 22491000, 170
40, 16601432064, 21616448, 452
41, 17554876416, 22857912, 171
28, 23058782208, 15012228, 363
29, 683397120, 889840, 10
44, 55953063936, 72855552, 512
45, 213808840704, 115605504, 512
46, 12485394432, 16257024, 648
47, 33987115008, 22127028, 622
22, 8293490688, 10798816, 71
23, 37142728704, 46089792, 92
20, 170588160, 211680, 10
21, 180633600, 235200, 30
26, 163079258112, 96638976, 256
27, 16647192576, 21676032, 432
24, 6647316480, 8655360, 120
25, 27187765248, 35400736, 214
3, 18649128960, 23708160, 20
2, 3945037824, 5136768, 42
1, 111781942272, 71914752, 39
7, 4662282240, 5927040, 14
6, 2673377280, 3480960, 15
5, 7044710400, 9172800, 75
4, 2986475520, 3888640, 62
9, 5462360064, 7112448, 27
8, 1416167424, 1843968, 42
42, 45443690496, 53692632, 178
13, 63021017088, 39132576, 118
12, 10527326208, 13707456, 47
11, 4007657472, 5218304, 52
43, 10315683840, 13431880, 385
17, 2456469504, 3048192, 27
16, 1608843264, 2094848, 16
15, 14335082496, 9332736, 128
14, 11225776128, 14616896, 158
19, 323334144, 421008, 3
18, 861622272, 1121904, 53
39, 75772329984, 89526528, 244
38, 18566725632, 24175424, 208
31, 721631232, 939624, 141
30, 507617280, 599760, 34
33, 8632479744, 10199448, 98
32, 4422813696, 5758872, 59
35, 5949619200, 7746900, 75
34, 5089351680, 6626760, 345
37, 7856056320, 10229240, 307
50, 12061507584, 15705088, 626
48, 10624115712, 13833484, 433
fc, 501504000, 653000, 1000
49, 91430977536, 97767936, 512
===================
53, 11956589568, 15568476, 638
52, 94065490944, 100585044, 498
51, 11203046400, 14587300, 458
10, 19181961216, 24385536, 32
36, 19035648000, 22491000, 170
40, 16454516736, 21425152, 448
41, 17554876416, 22857912, 171
28, 22741168128, 14805448, 358
29, 681891840, 887880, 10
44, 55953063936, 72855552, 512
45, 213808840704, 115605504, 512
46, 12485394432, 16257024, 648
47, 33987115008, 22127028, 622
22, 8293490688, 10798816, 71
23, 37142728704, 46089792, 92
20, 170588160, 211680, 10
21, 180633600, 235200, 30
26, 163079258112, 96638976, 256
27, 16608657408, 21625856, 431
24, 6536527872, 8511104, 118
25, 27187765248, 35400736, 214
3, 18649128960, 23708160, 20
2, 3945037824, 5136768, 42
1, 111781942272, 71914752, 39
7, 4662282240, 5927040, 14
6, 2673377280, 3480960, 15
5, 7044710400, 9172800, 75
4, 2986475520, 3888640, 62
9, 5462360064, 7112448, 27
8, 1315012608, 1712256, 39
42, 45443690496, 53692632, 178
13, 63021017088, 39132576, 118
12, 10527326208, 13707456, 47
11, 4007657472, 5218304, 52
43, 10181713920, 13257440, 380
17, 2456469504, 3048192, 27
16, 1608843264, 2094848, 16
15, 13999104000, 9114000, 125
14, 11225776128, 14616896, 158
19, 316108800, 411600, 3
18, 845365248, 1100736, 52
39, 75772329984, 89526528, 244
38, 18566725632, 24175424, 208
31, 670451712, 872984, 131
30, 507617280, 599760, 34
33, 8632479744, 10199448, 98
32, 4405051392, 5735744, 59
35, 5949619200, 7746900, 75
34, 5030344704, 6549928, 341
37, 7728107520, 10062640, 302
50, 12061507584, 15705088, 626
48, 10591526400, 13791050, 433
fc, 501504000, 653000, 1000
49, 91430977536, 97767936, 512
===================
Total [90] epochs processed...
======== 0.3_gtx =======
1, 1.87799672417e+16, 1.13910956315e+14, 11113984, 26560
10, 9.75924974361e+15, 6.30569181274e+13, 6152293, 16414
20, 7.95906250024e+15, 5.30336619809e+13, 5174351, 13967
30, 7.39816218496e+15, 4.95608282174e+13, 4835516, 13235
40, 7.05470678955e+15, 4.75780736695e+13, 4642064, 12749
50, 6.89059467775e+15, 4.30320011854e+13, 4198516, 11536
60, 6.87469235379e+15, 4.26864755701e+13, 4164804, 11430
70, 6.8581645846e+15, 4.20431349988e+13, 4102035, 11361
80, 6.77539060883e+15, 3.85316304905e+13, 3759427, 10894
======== Total Training cost =======
coeff, best_acc, train_cost, bn_cost
0.0, 100, 3380.39410351, 18.2111855699
0.1_gtx, 75.81, 3128.05538129, 16.1198749762
0.2_gtx, 74.698, 2418.13959281, 12.9297968748
0.3_gtx, 72.484, 1566.9998137, 8.76514293244
======== Inference cost =======
coeff, best_acc, inf_cost
0.0, 100, 7985.692672
0.1_gtx, 75.81, 6910.666392
0.2_gtx, 74.698, 4735.477226
0.3_gtx, 72.484, 2512.7128
